10001101001111100111
11101100111011101010
11000000011100110110
00000010001110000101
01010100001100000110
10001000100010101011
01001000001101111100
11000001100010111100
00100110011011101101
00001110011100000001
10010110111010000010
10001110101100110101
001000011111011000001
100100000100110001010
001001111001101101001
010000010000000110011
000000111010100100101
111111111011010000010
1000001111001101111011
0001001111001110111000
0010000000101000101100
0000010100101111001000
0010100010001010100001
0111111000101101110011
1010111000100001000101
1010010000011001000111
1110100011100011011101
1011010010111001111101
0110100000000001100010
0111110100100000010011
1011100001000111101111
0110010100111110010001
1010001101001101111100
11110011011000010011111
01001101101110010000011
00100101100011111011110
10000001000101001100111
10111001110110100010010
10100001101101001111011
10100101110110110010010
11011000001100101101111
00010000000101001000100
01111100000010000000010
11101101000100001101010
01010010110101001101110
001000110101011110000010
011110011110110101101110
101010001111010111001000
111111001001110000001010
010111111001100010011101
011000110000111110111111
110011100001100110110010
110011101110011111011011
011001101011111001111110
100110101111111100100100
110010000100001110010010
011101001000010100110001
101100100110000010000010
001110001000000001001000
1101001000010110111001010
1000111010000111110011101
1101110000100101110000000
0100001111010011110111111
1001100111101111000000111
0110111010000010110000100
1111111111110010001001100
0100101011101011110101100
0011110001011011111100111
1101111011110000101100101
1111001011011110100100101
0001100011001100000000000
1110111001011110101101011
11010011101101011101001101
00101100111100110111110001
01101000001100111001001001
01011100111000101001010000
11101011010000000111000110
10001110101111111010100110
01100001111001010100110111
00001011111011001110011111
11111110111101111001100101
01011000110000001100110000
111010101000100110111000111
101100100000110110111000001
100011110101000110000110111
000010110110011011011110010
011010010000000001011011011
010111110011110000000000101
001111010100111000100111101
100101000011000010100000011
1000011010011101111010101010
1001100100100000100011010011
0100100001001011101000001111
0001010001101111111011000011
1000101111101101101100101000
1100100011001011100100101101
0001110110111000000111010000
0100100001001101111101100100
0011001010110100111010111100
1011110011010111000110110101
1100010111011000010001101000
1101011100110001100000100011
0101110111000101001101011111
1011111111000010001100001100
0000011000010111011010100001
00010001110011001010001110011
10011000100110110001000010000
10110100110111011101001000011
00111110101011001011010010110
10011100100000010010010101000
01001001111011000110100000001
01011110101001001100101011001
10111001100111111100000010111
01101001110100100010011100110
00100100101110110001011101000
111011101000111101111100000001
000011101011010001111000011110
011000010111001101011001111110
111011101110100001010011001101
110101101110101111110010110011
000100011100100000001101000110
110011101000001100110011001001
101111111100111010100110101010
100101100110100101011010110010
101010110100001101000111101000
111001010000000011011011100000
111111001000100000010111010110
010101111011110101111000001100
0100110010001110011110101010000
1001000000110111010010100111010
0010011101100101100100011001010
0001000011110000000101111111110
0101110000011000011100010111010
0100100010101011001000110001111
1101100111100101110001101110100
1010111110001001011101110100000
0111111111111111010110111111000
1100010000100010110010001101001
1111101001111100011111010101001
0100101011100100000001011011000
0000100101010010011000100011010
1000111010001111000110111101101
0011000001100010100000000001010
1001100011101101101000101111011
00100110101011111000011111010110
01001111111111111110001011000111
11000000010110011100110000000000
01011101010100111011001000110010
11010010110010101101001100010010
01010011111110110010110010011101
01101101010011001101110001111000
00011000000110000100100110010000
00001101101110001101101001100101
00001000011011100001111010000100
00100101111111010100011010010110
00101110110111100010100100001100
10000011011011001011101011111110
110000001010110100111000111111011
000101110101100100100011110101111
100101101100111000000011001000010
011110111011000000001111011000101
101111100000110001000011111000110
110000110001001001101010110001110
011001100100100100010000000010000
010111111101110101111111100111010
001001011011111000001010010101010
011111100000011101010010000101010
100000001111001000001101000100101
101100101001111010110011011101000
111000001110000101010010001110110
100010000101110001011101011000010
110011010010000100000000011010110
000101111111001100100001101011100
1111000010000111010111010100110001
0111010011101011010001100100010001
0111110011110010101011000101111111
1000011000000010101100101011001001
1001100000011110010100001000011101
0001110110100000100000111100000001
1010101010001011100110011100101101
1010011010110001001001010001011011
1011001100111011111101111011101011
0111010001010011111111010100010111
1100000111111110111000110110001100
0011011000011110100100110100000011
1100010001010000111110101011010001
0111100110001111000111011100110110
0100111000011000010000111001100010
1001101011001001001001110110010001
1100110001001011100011100110111011
1000101101111110000000110110001010
0000010110101100000010100100000011
1110011111111001000100000011001110
0110001011001100010111101110001111
0110000111111100110111101010001000
0000010100110001100000110110001110
0110010001111111101101111000001011
01110010100100111101110100110001011
10111000100010001111011110100000011
00011000011111101011111111010101111
01100000100110011011100110110010101
11001100101110100110001010000101010
11011001000101110110110010100000001
01010101011100000110101111000010100
10111000110001111010110101001100011
00111011011110110000101111001110110
00011100110010100111011101110111100
00011000010010010101000001110110101
101000001100100010111001001110101111
101101010110110101111011010110000010
000011000110101100111100001010101110
001110100011001000110101010111000100
000001111111011100000100101110011101
101111011000100001101110110101100010
110011000101100110100010100110000111
011010111000101010011011100111111000
100101010110100001001111100001000011
1010101000101100010000001101000011100
1000011101010100001101001000111010101
1110000111001110100111100101110010011
1110111100100001101001000110100110011
1110001010100010001010000100001010100
1011111010010100111111101111011100000
0011001101110011100001010100010110001
1100100111111100100000110010100001101
0110101001010011110010110111100000010
0001111111100000111010000100001111100
0001111001101110000000100100000111111
1100011010111111101011111011110010111
0110110110110101010001110111101010110
0011001101010011000000010001111101111
0001001010110010100011100101000000110
00100010100101111111000010011111111111
01101011110101000010110000101010100000
01011110000110010000001010110000110101
01010010001101100011110010101001010000
01100001100010010100101100101011011001
01001011111100110111110111010111000110
01011110101010011101011001001001011111
01011010110001011011101010011011001100
00011010101100000011011100000001111011
01000000101010000011111110010100110011
11101101111000111001000011101000101100
10011110101000010011010111100100010101
01101001101011100000010011011111000001
00001010110010100110010100101000010101
001011011000101001000100110000111011011
010101000001000100010110000101010001010
001111000001101101001101100111010001010
000001101111101101110101101011000011010
100100001011100100001110100000001100011
010001110001110011101100101100100111100
111100111101010101100100110110100011000
000101001011010000010101100010001111010
011011011001011000100101111000100011100
010100110011101111010001110100101101111
000101111011010101111001110111011100110
001101001110010110110101010011111010000
101001111011001000000110101100101000001
111110001001000101100011011011111001000
000111101011100100000011100100110111001
001100001010111101001001100110011010110
101101000100010101100010111101110001101
110000010001100101001101010001010001111
100111101011001110001100100101110010100
000010000011100101111010110010100000111
0011000000101001100111010111000000101110
0011111101100000000101011001000010011111
0111111010010001111011011001001000100000
0000010110110111111110101001000101100010
0101000010111001101011111000001101011010
1110101001010101110111110111011011011100
0100110000110101110101101111010010000110
1100000001101100000100111000000010111010
1010011100110000000011101111110101111101
1110100001001110111010111000001010000101
0000001110100111100001110011000000010100
00011000110101010100110001000011110101110
10011101001110011111101111100110101010000
01011001010101010000001100010111000100101
00000000001001011001111010000011011010011
00101101011110100110101111011011110100111
01001101000111000010011001011011000011100
11111001000111110100101111100001011110011
01010110100100111001110111000001100101000
01010011010010100011001111100000110110101
11010100001010110110000010011010110101111
100011101110000101100001010111010100110101
000110011000111001100111001110101010101011
110010100010110010001100101100110001110110
000101111000000101001101100101110010011010
011111111110000010000011100110011110100010
010110101000110001000101010110011011011011
011111110011101010111001011011101001111010
110010101100101000111100000100000111011111
000011001100100100010111010011001101011000
110100111111000001010100101110011101001101
0000010100001001110110110001110001001111110
0011101101111101100111010000010100110101010
0011111111000010010110001101101011000001000
1110011010000101010001010010010101000101111
0111100101011100001011001001111111111000001
0010010001000111001001000111000110101000011
1010111010010000110110001011010100101110000
0101111101001000010000010100100110111001101
0100101011000110010111000111111100100111111
1011100010101010010011001001010110101101011
01111000110101110011001000101111111110000011
10110101011101100010101110101101110111000101
01011000100000010101001110101010110100010100
01101001011010001110000100101011111011111011
01011010010001100001110110110011000010010000
10101000111111001111101111110110110010101010
00101000111011110010001010001001000111110101
11110001001011100111001010011111011100001101
00001000110110100100100111001101110000111000
01101100001100000000101000110100100001100010
10101100100110111110001111011000100001101001
11101110000100111011000101101111000100001010
001100111100010101011110011000000011010100010
011100000101111001110011000011011011000101001
111111110111011011110101101100011111111110111
000100010010100010100111010111001000100101101
111011110011111000011000101000011110111101111
111100110111010110001110110111100001100101100
110111000100011011101001111110010001001110110
101101010001100100101010101110100100000010000
011101001111101000000011110010110111010110111
1011101110110001111011110110111000010111001000
0000000101010011000110111001011011010110000100
1000110111111010011000101001010100001000000000
0011001001010100011101101100000111101100111000
0011111100011010111111111101101111100100001000
1010010100110010100100111001000110101001101111
1010010111000001000101011000110000101111000010
1110010100001001001101101011111100101101111101
0001001110011001111100100101101011111101000000
0010001111000000100101011011110010110100110000
00111110010110001010000010111001010011000010010
10101000011011101010000101101100001010001101010
11110000110100110000001001010011011110101110010
11110010111111010011110100111000111101011110011
01001101010111000000110100010010110110001000111
11000000101101000010100000010110100001100001100
00111100000011011101110001011111100000000100111
11000000001001011111111011011000101011011000100
01100001101110010010001110010001111101010110111
10000010100111001110001100101111010111000000111
00011011101011000010101001010101011000000111110
01010110011111101111011011110110000011111000010
10011111111000100110001010000110111001010000101
00010001110000011110011010010001101101000010101
01101100100101011110100010110100011111001110101
11111010000101011111101001101001001101110100110
111110100001100010011000110000011100111001100010
010011010001100111101111110001011101010110100001
101011010001100000111101111001110101011010011100
101010110011100110100100001101100001100100101011
101101101110010110001001001100111011000111110001
110000000101101100001001100010001000100100101001
011010100111010011101000010000100110001000110100
100000101111111101110101101010110101010001111110
100100111010100011010001100110111001011000111110
000101001111100000110111011011001001011001100100
100101000000011010011101010000000110011001100000
111101101010001001111001101100100000000101100100
110000000100000010100100010011101000111001010011
011101010101010100101101001110100111001100111110
0000001101100001001100110010000010100100001101000
0011011110101101011000101101010100011100000100010
0100110111111101110010010001010101101001100101110
1000111011011011011010110011111001010001010011101
1110011011011101011001100001110010100101000001100
1000111111011000010101010010100100010010111100001
1111000101110010111110111000100010010011111010010
1001010100100100000001101101010101101100000110100
0010010011000001101100010101100100100010010011000
1101011101111111000000101010111110000000010101101
1110000111001000101001100111110000111111001011010
1100001110101111001110011111000011110100010010100
1101100101100001111001100000011111111101000110010
0101000101100010110101000000011111010100111011010
0000100011111010010110010100010100001011111010111
1101110000001101110010110100010110000101110001100
1010110011111100001101011001100001011101111001000
01011011101000100011001001001101101011000000101110
11011001000011110000100000011011111001010011000010
00100110111101100001010101110001110111101100000101
01110111100110100101100001000001010110001111001111
10011110101101100010101101110110001001011000100000
00111111110110010001101010011011100011101010011100
11111100010100010000100001011000100000110011010011
10011100111110111000000110110000000000001011000010
10011101001001011100101101111101010111010011001010
11110111000110110110000010111111001110110011100010
01111011000100010101011011001111001111010010110111
10000000010011110100101110001001000110000101100101
11111010111010100101011001111011101100011010110100
01001011110110011001011001000011000110111111110000
10010110100110010010000110101110001101110110111111
